<?xml version="1.0" encoding="UTF-8" standalone="no" ?>
<SimscapeMultibodyImportXML version="2.0" xmlns="urn:mathworks:SimscapeMultibody:import" xmlns:xsi="http://www.w3.org/2001/XMLSchema-instance">
<Created by="" on="01/28/23||18:53:39" using="Simscape Multibody Link Version 7.0" from="SolidWorks 30.1.0"/>
<ModelUnits mass="kilogram" length="millimeter"/>
<DataUnits mass="kilogram" length="meter"/>
<RootAssembly name="Assem final" uid="Assem final" version="637">
<AssemblyFile name="Assem final.SLDASM" type="SolidWorks Assembly"/>
<InstanceTree>
<Instance name="Assem-1" uid="Assem-1" entityUid="Assem">
<Transform>
<Rotation>0.97564567416486514 0 -0.21935249823830572 0 1 0 0.21935249823830572 0 0.97564567416486514</Rotation>
<Translation>0.22326285243414321 1.2697872660846539 -0.23185269190815921</Translation>
</Transform>
<Instance name="washer-6" uid="washer-6" entityUid="washer*:*Default">
<Transform>
<Rotation>-0.83716910433122249 0 -0.54694413860398883 0 -1 0 -0.54694413860398883 0 0.83716910433122249</Rotation>
<Translation>-0.19150923638690526 -1.0607178189055049 0.14865850181182416</Translation>
</Transform>
</Instance>
<Instance name="shoulder-2" uid="shoulder-2" entityUid="shoulder*:*Default">
<Transform>
<Rotation>-0.21935249823830663 0 -0.97564567416486492 0 -1 0 -0.97564567416486492 0 0.21935249823830663</Rotation>
<Translation>-0.18273513645737299 -1.0507178189055051 0.18768432877841881</Translation>
</Transform>
</Instance>
<Instance name="rod 8-60-1" uid="rod 8-60-1" entityUid="rod 8-60*:*Default">
<Transform>
<Rotation>0.96959801917576527 0 0.24470325132787374 0 1 0 -0.24470325132787374 0 0.96959801917576527</Rotation>
<Translation>-0.19150923638690526 -1.1097178189055044 0.14865850181182416</Translation>
</Transform>
</Instance>
<Instance name="washer-7" uid="washer-7" entityUid="washer*:*Default">
<Transform>
<Rotation>-0.83716910433122249 0 -0.54694413860398883 0 -1 0 -0.54694413860398883 0 0.83716910433122249</Rotation>
<Translation>-0.19150923638690528 -1.0787178189055049 0.14865850181182419</Translation>
</Transform>
</Instance>
<Instance name="GT2_20T_8_6-1" uid="GT2_20T_8_6-1" entityUid="GT2_20T_8_6*:*Default">
<Transform>
<Rotation>-0.84184471926752125 0.53971980567826916 0 0 0 -0.99999999999999978 -0.53971980567826916 -0.84184471926752125 0</Rotation>
<Translation>-0.19150923638690526 -1.0912178189055044 0.14865850181182416</Translation>
</Transform>
</Instance>
<Instance name="rod 8-40-1" uid="rod 8-40-1" entityUid="rod 8-40*:*Default">
<Transform>
<Rotation>1 0 0 0 1 0 0 0 1</Rotation>
<Translation>-0.19150923638690526 -1.1507178189055043 0.14865850181182422</Translation>
</Transform>
</Instance>
<Instance name="SKF_608-2ZZ-6" uid="SKF_608-2ZZ-6" entityUid="SKF_608-2ZZ*:*Default">
<Transform>
<Rotation>0 0.83716910433122249 -0.54694413860398883 -1 0 0 0 0.54694413860398883 0.83716910433122249</Rotation>
<Translation>-0.19150923638690526 -1.053717818905505 0.14865850181182416</Translation>
</Transform>
</Instance>
<Instance name="washer-2" uid="washer-2" entityUid="washer*:*Default">
<Transform>
<Rotation>0.14444194185918419 0 0.98951327703671987 0 1 0 -0.98951327703671987 0 0.14444194185918419</Rotation>
<Translation>-0.1576692115319753 -1.0897178189055043 -0.064674225911402261</Translation>
</Transform>
</Instance>
<Instance name="arm 1 side-1" uid="arm 1 side-1" entityUid="arm 1 side*:*Default">
<Transform>
<Rotation>0.15666678173573695 0 0.9876515172370095 0 1 0 -0.9876515172370095 0 0.15666678173573695</Rotation>
<Translation>-0.15483619361470621 -1.1087178189055045 0.045125473584962272</Translation>
</Transform>
</Instance>
<Instance name="GT2 60 teeth pulley-2" uid="GT2 60 teeth pulley-2" entityUid="GT2 60 teeth pulley*:*Default">
<Transform>
<Rotation>-0.98765151723688616 0.15666678173651571 0 0 0 -0.99999999999999989 -0.15666678173651571 -0.98765151723688616 0</Rotation>
<Translation>-0.19150923638680506 -1.1262178189055043 0.14865850181182524</Translation>
</Transform>
</Instance>
<Instance name="washer-3" uid="washer-3" entityUid="washer*:*Default">
<Transform>
<Rotation>0.96836725877423857 0 -0.2495292610778691 0 1 0 0.2495292610778691 0 0.96836725877423857</Rotation>
<Translation>-0.19150923638690526 -1.1287178189055043 0.14865850181182422</Translation>
</Transform>
</Instance>
<Instance name="GT2 60 teeth pulley-3" uid="GT2 60 teeth pulley-3" entityUid="GT2 60 teeth pulley*:*Default">
<Transform>
<Rotation>-0.9760654935214268 0.217476785788217 0 0 0 -1 -0.217476785788217 -0.9760654935214268 0</Rotation>
<Translation>-0.19150923638690526 -1.0772178189055048 0.14865850181182416</Translation>
</Transform>
</Instance>
<Instance name="SKF_608-2ZZ-5" uid="SKF_608-2ZZ-5" entityUid="SKF_608-2ZZ*:*Default">
<Transform>
<Rotation>0 1 0 -1 0 0 0 0 1</Rotation>
<Translation>-0.19150923638690526 -1.0817178189055046 0.14865850181182416</Translation>
</Transform>
</Instance>
<Instance name="arm 1 U-1" uid="arm 1 U-1" entityUid="arm 1 U*:*Default">
<Transform>
<Rotation>-0.15666678173652704 0 0.98765151723688416 0 -1 0 0.98765151723688416 0 0.15666678173652704</Rotation>
<Translation>-0.17458922395925849 -1.0797178189055046 0.041992137950241509</Translation>
</Transform>
</Instance>
<Instance name="SKF_608-2ZZ-1" uid="SKF_608-2ZZ-1" entityUid="SKF_608-2ZZ*:*Default">
<Transform>
<Rotation>0 -1 0 1 0 0 0 0 1</Rotation>
<Translation>-0.15766921153197511 -1.1157178189055044 -0.064674225911402317</Translation>
</Transform>
</Instance>
<Instance name="GT2 60 teeth pulley-1" uid="GT2 60 teeth pulley-1" entityUid="GT2 60 teeth pulley*:*Default">
<Transform>
<Rotation>0.93049836409670483 -0.36629604749895406 5.6074818771765651e-16 1.0862166438871111e-15 1.2284452031254807e-15 -0.99999999999999978 0.36629604749895406 0.93049836409670483 1.5409431152741319e-15</Rotation>
<Translation>-0.1576692115319753 -1.1062178189055045 -0.064674225911402261</Translation>
</Transform>
</Instance>
<Instance name="shoulder-1" uid="shoulder-1" entityUid="shoulder*:*Default">
<Transform>
<Rotation>-0.21935249823830411 0 0.97564567416486569 0 1 0 -0.97564567416486569 0 -0.21935249823830411</Rotation>
<Translation>-0.1827351364573731 -1.1387178189055041 0.18768432877841884</Translation>
</Transform>
</Instance>
<Instance name="SKF_608-2ZZ-4" uid="SKF_608-2ZZ-4" entityUid="SKF_608-2ZZ*:*Default">
<Transform>
<Rotation>1.2246467991473532e-16 -1.0000000000000002 0 1 1.224646799147353e-16 0 0 0 1.0000000000000002</Rotation>
<Translation>-0.19150923638690526 -1.1357178189055042 0.14865850181182422</Translation>
</Transform>
</Instance>
<Instance name="washer-4" uid="washer-4" entityUid="washer*:*Default">
<Transform>
<Rotation>1 0 0 0 1 0 0 0 1</Rotation>
<Translation>-0.19150923638690528 -1.0807178189055047 0.14865850181182419</Translation>
</Transform>
</Instance>
<Instance name="arm 1 side-2" uid="arm 1 side-2" entityUid="arm 1 side*:*Default">
<Transform>
<Rotation>0.15666678173572343 0 -0.98765151723701183 0 -1 0 -0.98765151723701183 0 -0.15666678173572343</Rotation>
<Translation>-0.19434225430427965 -1.0887178189055045 0.038858802315520968</Translation>
</Transform>
</Instance>
<Instance name="washer-5" uid="washer-5" entityUid="washer*:*Default">
<Transform>
<Rotation>1 0 0 0 1 0 0 0 1</Rotation>
<Translation>-0.19150923638690526 -1.0817178189055046 0.14865850181182416</Translation>
</Transform>
</Instance>
<Instance name="washer-1" uid="washer-1" entityUid="washer*:*Default">
<Transform>
<Rotation>-0.98440488112826541 0 0.17591767964262703 0 -1 0 0.17591767964262703 0 0.98440488112826541</Rotation>
<Translation>-0.15766921153197511 -1.1077178189055046 -0.064674225911402317</Translation>
</Transform>
</Instance>
<Instance name="arm 1 L-1" uid="arm 1 L-1" entityUid="arm 1 L*:*Default">
<Transform>
<Rotation>0.15666678173651596 0 0.98765151723688605 0 1 0 -0.98765151723688605 0 0.15666678173651596</Rotation>
<Translation>-0.17458922395926124 -1.1177178189055044 0.041992137950241537</Translation>
</Transform>
</Instance>
<Instance name="SKF_608-2ZZ-2" uid="SKF_608-2ZZ-2" entityUid="SKF_608-2ZZ*:*Default">
<Transform>
<Rotation>0 -0.52226672324048151 -0.85278219364363517 -1 0 0 0 0.85278219364363517 -0.52226672324048151</Rotation>
<Translation>-0.1576692115319753 -1.0817178189055046 -0.064674225911402261</Translation>
</Transform>
</Instance>
</Instance>
<Instance name="8cm wheel-1" uid="8cm wheel-1" entityUid="8cm wheel*:*Default">
<Transform>
<Rotation>0.36425218519534597 0.60606958806758138 -0.7071067811865529 0.85711183118705503 -0.51513038042729842 0 -0.36425218519535141 -0.60606958806759059 -0.70710678118654213</Rotation>
<Translation>-0.10327252867450801 0.00018546280270508855 -0.1125360508227653</Translation>
</Transform>
</Instance>
<Instance name="8cm wheel-8" visible="false" uid="8cm wheel-8" entityUid="8cm wheel*:*Default">
<Transform>
<Rotation>1.2344962727580278e-14 0.70710678118654779 0.70710678118654724 -1 1.4541933217697147e-14 2.916480498637234e-15 -8.220436452010848e-15 -0.70710678118654724 0.70710678118654779</Rotation>
<Translation>-0.12447173080864854 -0.0049656018103349632 -0.13040565290678818</Translation>
</Transform>
</Instance>
<Instance name="rod_lol-3" uid="rod_lol-3" entityUid="rod_lol*:*Default">
<Transform>
<Rotation>1 0 0 0 1 0 0 0 1</Rotation>
<Translation>0.0038090806338553218 0.026658132547358129 -0.088822697124801051</Translation>
</Transform>
</Instance>
<Instance name="rod_lol-6" uid="rod_lol-6" entityUid="rod_lol*:*Default">
<Transform>
<Rotation>1 0 0 0 1 0 0 0 1</Rotation>
<Translation>-0.071190919366144662 0.026658132547358104 -0.048822697124801036</Translation>
</Transform>
</Instance>
<Instance name="rod_lol-4" uid="rod_lol-4" entityUid="rod_lol*:*Default">
<Transform>
<Rotation>-0.99765372336957847 0 -0.068462020469870183 0 1 0 0.068462020469870183 0 -0.99765372336957847</Rotation>
<Translation>0.0038090806338552967 0.026658132547358101 -0.0088226971248010332</Translation>
</Transform>
</Instance>
<Instance name="Assem4-1" uid="Assem4-1" grounded="true" entityUid="Assem4" rigid="true">
<Transform>
<Rotation>1 0 0 0 1 0 0 0 1</Rotation>
<Translation>0.010624758193100936 0.0084138720278275174 0.0059947219171502669</Translation>
</Transform>
<Instance name="Part1-1" uid="Part1-1" grounded="true" entityUid="Part1*:*Default">
<Transform>
<Rotation>1 0 0 0 1 0 0 0 1</Rotation>
<Translation>-0.0068156775592456142 0.018244260519530597 -0.0098174190419513252</Translation>
</Transform>
<VisualProperties>
<Ambient r="0.25098039215686274" g="0.25098039215686274" b="0.25098039215686274" a="1"/>
<Diffuse r="0.25098039215686274" g="0.25098039215686274" b="0.25098039215686274" a="1"/>
<Specular r="0.12549019607843137" g="0.12549019607843137" b="0.12549019607843137" a="1"/>
<Emissive r="0" g="0" b="0" a="1"/>
<Shininess>0.3125</Shininess>
</VisualProperties>
</Instance>
</Instance>
<Instance name="rod_lol-5" uid="rod_lol-5" entityUid="rod_lol*:*Default">
<Transform>
<Rotation>1 0 0 0 1 0 0 0 1</Rotation>
<Translation>0.078809080633855333 0.026658132547358077 -0.048822697124801043</Translation>
</Transform>
</Instance>
<Instance name="8cm wheel-2" uid="8cm wheel-2" entityUid="8cm wheel*:*Default">
<Transform>
<Rotation>-0.60606958806758648 0.3642521851953362 -0.70710678118655357 0.51513038042728565 0.85711183118706269 -4.7184478546569153e-16 0.60606958806759648 -0.36425218519534297 -0.70710678118654147</Rotation>
<Translation>-0.11545441186837663 -0.0020241375364916762 -0.12210862489870705</Translation>
</Transform>
</Instance>
<Instance name="shf8mm-2" uid="shf8mm-2" entityUid="shf8mm*:*Default">
<Transform>
<Rotation>-0.70710678118654746 0.70710678118654791 0 0 0 -1 -0.70710678118654791 -0.70710678118654746 0</Rotation>
<Translation>0.078809080633855319 0.026658132547358122 -0.048822697124801029</Translation>
</Transform>
</Instance>
<Instance name="Hot_End_Assem-1" uid="Hot_End_Assem-1" entityUid="Hot_End_Assem*:*Default">
<Transform>
<Rotation>0.30382974657579237 -1.1912502569297135e-15 -0.95272634323592087 -8.9898442341618094e-16 1 -1.5370504624634003e-15 0.95272634323592087 1.3234877948318103e-15 0.30382974657579237</Rotation>
<Translation>-0.015911494320353766 0.10468978067315285 -0.42015199235382733</Translation>
</Transform>
</Instance>
<Instance name="Short_A-1" uid="Short_A-1" entityUid="Short_A*:*Default">
<Transform>
<Rotation>0.88831503244775212 0.45923458398442646 0 0 0 1 0.45923458398442646 -0.88831503244775212 0</Rotation>
<Translation>-0.15363344963718498 -1.9152144776352076e-05 -0.28662325093202795</Translation>
</Transform>
</Instance>
<Instance name="head-1" uid="head-1" entityUid="head*:*Default">
<Transform>
<Rotation>1.0000000000000002 0 0 0 -1 0 0 0 -1.0000000000000002</Rotation>
<Translation>0.0038090806338553305 0.32665813254735809 -0.048822697124801057</Translation>
</Transform>
</Instance>
<Instance name="Assem2-1" uid="Assem2-1" entityUid="Assem2" rigid="true">
<Transform>
<Rotation>1 0 0 0 1 0 0 0 1</Rotation>
<Translation>-0.070404561618774744 0.077114253334803484 -0.17925919704007715</Translation>
</Transform>
<Instance name="nut holder v2-1" uid="nut holder v2-1" entityUid="nut holder v2*:*Default">
<Transform>
<Rotation>1 0 0 0 1 0 0 0 1</Rotation>
<Translation>0.074213642252630094 0.11195519384434527 0.13043649991527612</Translation>
</Transform>
</Instance>
<Instance name="LeadScrew Nut 8mm x 2mmPitch-3" uid="LeadScrew Nut 8mm x 2mmPitch-3" entityUid="LeadScrew Nut 8mm x 2mmPitch*:*Default">
<Transform>
<Rotation>-1.0000000000000002 0 0 0 0 -1 0 -1.0000000000000002 0</Rotation>
<Translation>0.07421364225263008 0.05045519384434527 0.13043649991527612</Translation>
</Transform>
</Instance>
<Instance name="LeadScrew Nut 8mm x 2mmPitch-2" uid="LeadScrew Nut 8mm x 2mmPitch-2" entityUid="LeadScrew Nut 8mm x 2mmPitch*:*Default">
<Transform>
<Rotation>-2.6367796834847468e-14 -1.0000000000000002 0 0 0 1 -1.0000000000000002 2.6367796834847468e-14 0</Rotation>
<Translation>0.07421364225263008 0.1454551938443453 0.13043649991527678</Translation>
</Transform>
</Instance>
<Instance name="motor_base3-1" uid="motor_base3-1" grounded="true" entityUid="motor_base3*:*Default">
<Transform>
<Rotation>1 0 0 0 1 0 0 0 1</Rotation>
<Translation>0.074213642252630066 0.097955193844345284 0.13043649991527612</Translation>
</Transform>
</Instance>
<Instance name="motor_base3-2" uid="motor_base3-2" entityUid="motor_base3*:*Default">
<Transform>
<Rotation>-1.0000000000000002 0 0 0 -1 0 0 0 1.0000000000000002</Rotation>
<Translation>0.074213642252630038 0.097955193844345284 0.13043649991527606</Translation>
</Transform>
</Instance>
<Instance name="nut holder v2-2" uid="nut holder v2-2" entityUid="nut holder v2*:*Default">
<Transform>
<Rotation>-1.0000000000000002 0 1.1934897514720433e-15 0 -1 0 1.1934897514720433e-15 0 1.0000000000000002</Rotation>
<Translation>0.074213642252630094 0.083955193844345299 0.13043649991527612</Translation>
</Transform>
</Instance>
</Instance>
<Instance name="8cm wheel-11" uid="8cm wheel-11" entityUid="8cm wheel*:*Default">
<Transform>
<Rotation>0.6598754520140736 -0.25409523377905446 -0.70710678118654036 0.35934492574469784 0.93320481371536945 5.7926889062039675e-16 0.65987545201405984 -0.25409523377905008 0.7071067811865549</Rotation>
<Translation>-0.11452065404229973 -0.0023715653858647767 0.1153969884751766</Translation>
</Transform>
</Instance>
<Instance name="8cm wheel-9" uid="8cm wheel-9" entityUid="8cm wheel*:*Default">
<Transform>
<Rotation>-0.36922144680654478 0.60305515769130869 0.70710678118654235 0.85284878286608734 0.52215797759282889 -9.4368957093138306e-16 -0.36922144680654051 0.60305515769129914 -0.70710678118655257</Rotation>
<Translation>0.12219763038436099 -0.0010668769660161176 -0.12298356765043741</Translation>
</Transform>
</Instance>
<Instance name="nema 17 stepper-4" uid="nema 17 stepper-4" entityUid="nema 17 stepper" rigid="true">
<Transform>
<Rotation>-7.8263893782852608e-15 0.70710678118653925 0.70710678118655612 -1 -1.1348701548015572e-14 2.8051554483168044e-16 8.2230982662428947e-15 -0.70710678118655612 0.70710678118653925</Rotation>
<Translation>0.043190125989677461 -0.035939472988974083 0.059320694898443584</Translation>
</Transform>
<Instance name="Pièce4-1" uid="Pièce4-1" entityUid="Pièce4*:*Défaut">
<Transform>
<Rotation>0.65728870624753311 0.75363887681000385 0 -0.75363887681000397 0.65728870624753322 0 0 0 1</Rotation>
<Translation>-0.034097605536332197 0.015466428858546179 0.076300000000000034</Translation>
</Transform>
</Instance>
<Instance name="socket button head cap screw_am-4" visible="false" uid="socket button head cap screw_am-4" entityUid="socket button head cap screw_am*:*B18.3.4M - 3 x 0.5 x 5 SBHCS --S">
<Transform>
<Rotation>0 0 1 0 1 0 -1 0 0</Rotation>
<Translation>-0.049597605536332183 0.030966428858546207 0.079950000000000021</Translation>
</Transform>
</Instance>
<Instance name="socket button head cap screw_am-10" visible="false" uid="socket button head cap screw_am-10" entityUid="socket button head cap screw_am*:*B18.3.4M - 3 x 0.5 x 5 SBHCS --S">
<Transform>
<Rotation>-1.3877787807814528e-16 0.70710678118654735 -0.70710678118654768 0 -0.70710678118654768 -0.70710678118654735 -1 0 0</Rotation>
<Translation>-0.049597605536332183 -3.3571141453792724e-05 0.079950000000000021</Translation>
</Transform>
</Instance>
<Instance name="socket button head cap screw_am-12" uid="socket button head cap screw_am-12" entityUid="socket button head cap screw_am*:*B18.3.4M - 3 x 0.5 x 5 SBHCS --S">
<Transform>
<Rotation>1.2246467991473747e-16 -1.2246063538224004e-16 -1 -2.2204460492503121e-16 1 -1.2246063538224007e-16 1 2.2204460492503121e-16 1.2246467991473744e-16</Rotation>
<Translation>-0.04959760553633219 0.030966428858546179 0.038650000000000018</Translation>
</Transform>
</Instance>
<Instance name="socket button head cap screw_am-14" uid="socket button head cap screw_am-14" entityUid="socket button head cap screw_am*:*B18.3.4M - 3 x 0.5 x 5 SBHCS --S">
<Transform>
<Rotation>1.2246467991473747e-16 -1.2246063538224004e-16 -1 -2.2204460492503121e-16 1 -1.2246063538224007e-16 1 2.2204460492503121e-16 1.2246467991473744e-16</Rotation>
<Translation>-0.018597605536332194 -3.3571141453827419e-05 0.038650000000000018</Translation>
</Transform>
</Instance>
<Instance name="socket button head cap screw_am-13" uid="socket button head cap screw_am-13" entityUid="socket button head cap screw_am*:*B18.3.4M - 3 x 0.5 x 5 SBHCS --S">
<Transform>
<Rotation>1.2246467991473747e-16 -1.2246063538224004e-16 -1 -2.2204460492503121e-16 1 -1.2246063538224007e-16 1 2.2204460492503121e-16 1.2246467991473744e-16</Rotation>
<Translation>-0.04959760553633219 -3.357114145382048e-05 0.038650000000000045</Translation>
</Transform>
</Instance>
<Instance name="Pièce2-1" uid="Pièce2-1" entityUid="Pièce2*:*Défaut">
<Transform>
<Rotation>-1 1.665334536937759e-16 0 1.6653345369377585e-16 1 0 0 0 -1</Rotation>
<Translation>-0.03409760553633219 0.015466428858546193 0.078300000000000036</Translation>
</Transform>
</Instance>
<Instance name="socket button head cap screw_am-6" visible="false" uid="socket button head cap screw_am-6" entityUid="socket button head cap screw_am*:*B18.3.4M - 3 x 0.5 x 5 SBHCS --S">
<Transform>
<Rotation>0 0 1 0 1 0 -1 0 0</Rotation>
<Translation>-0.018597605536332183 -3.357114145382048e-05 0.079950000000000049</Translation>
</Transform>
</Instance>
<Instance name="piece1-1" uid="piece1-1" grounded="true" entityUid="piece1*:*Défaut">
<Transform>
<Rotation>1 0 0 0 1 0 0 0 1</Rotation>
<Translation>-0.034097605536332197 0.015466428858546179 0.037300000000000028</Translation>
</Transform>
</Instance>
<Instance name="Pièce3-1" uid="Pièce3-1" entityUid="Pièce3*:*Défaut">
<Transform>
<Rotation>1 0 0 0 1 0 0 0 1</Rotation>
<Translation>-0.034097605536332162 0.015466428858546193 0.045300000000000035</Translation>
</Transform>
</Instance>
<Instance name="instrument ball bearing_68_am-1" uid="instrument ball bearing_68_am-1" entityUid="instrument ball bearing_68_am*:*AFBMA 12.1.4.1 - 0050-11 - Full,DE,AC,Full_68">
<Transform>
<Rotation>0 0 -1 0 1 0 1 0 0</Rotation>
<Translation>-0.034097605536332197 0.015466428858546179 0.040800000000000031</Translation>
</Transform>
</Instance>
<Instance name="instrument ball bearing_68_am-2" uid="instrument ball bearing_68_am-2" entityUid="instrument ball bearing_68_am*:*AFBMA 12.1.4.1 - 0050-11 - Full,DE,AC,Full_68">
<Transform>
<Rotation>0 0 1 0 1 0 -1 0 0</Rotation>
<Translation>-0.034097605536332197 0.015466428858546193 0.074800000000000033</Translation>
</Transform>
</Instance>
<Instance name="socket button head cap screw_am-5" visible="false" uid="socket button head cap screw_am-5" entityUid="socket button head cap screw_am*:*B18.3.4M - 3 x 0.5 x 5 SBHCS --S">
<Transform>
<Rotation>0 0 1 0 1 0 -1 0 0</Rotation>
<Translation>-0.018597605536332183 0.030966428858546193 0.079950000000000049</Translation>
</Transform>
</Instance>
<Instance name="socket button head cap screw_am-11" uid="socket button head cap screw_am-11" entityUid="socket button head cap screw_am*:*B18.3.4M - 3 x 0.5 x 5 SBHCS --S">
<Transform>
<Rotation>1.2246467991473747e-16 -1.2246063538224004e-16 -1 -2.2204460492503121e-16 1 -1.2246063538224007e-16 1 2.2204460492503121e-16 1.2246467991473744e-16</Rotation>
<Translation>-0.018597605536332194 0.030966428858546172 0.038650000000000045</Translation>
</Transform>
</Instance>
</Instance>
<Instance name="stepper-42x38.step-2" uid="stepper-42x38.step-2" entityUid="stepper-42x38.step*:*Default">
<Transform>
<Rotation>-1.0000000000000002 0 0 0 0 1 0 1.0000000000000002 0</Rotation>
<Translation>-0.032018960733100968 0.14606944717914877 -0.048822697124801029</Translation>
</Transform>
</Instance>
<Instance name="motor_base_holder-4" uid="motor_base_holder-4" entityUid="motor_base_holder*:*Default">
<Transform>
<Rotation>2.2033447246899462e-16 -0.70710678118655579 0.70710678118653914 -1 -2.250043936004234e-16 0 0 -0.70710678118653914 -0.70710678118655579</Rotation>
<Translation>0.094881411104196303 0.026658132547358115 0.12260497240485753</Translation>
</Transform>
</Instance>
<Instance name="motor_base_holder-3" uid="motor_base_holder-3" entityUid="motor_base_holder*:*Default">
<Transform>
<Rotation>0 0.70710678118654036 0.70710678118655468 -1 0 0 0 -0.70710678118655468 0.70710678118654036</Rotation>
<Translation>-0.12261858889580385 0.026658132547358111 0.087249633345535274</Translation>
</Transform>
</Instance>
<Instance name="nema 17 stepper-2" uid="nema 17 stepper-2" entityUid="nema 17 stepper" rigid="true">
<Transform>
<Rotation>6.9564970969173444e-15 -0.7071067811865529 0.70710678118654247 -1 -1.0823632208690911e-14 -9.8565966762143408e-16 8.3504303667516162e-15 -0.70710678118654247 -0.7071067811865529</Rotation>
<Translation>0.066952472657104273 -0.035939472988974042 -0.043203742480623794</Translation>
</Transform>
<Instance name="Pièce4-1" uid="Pièce4-1" entityUid="Pièce4*:*Défaut">
<Transform>
<Rotation>0.65728870624753311 0.75363887681000385 0 -0.75363887681000374 0.65728870624753299 0 0 0 0.99999999999999989</Rotation>
<Translation>-0.034097605536332197 0.015466428858546179 0.076300000000000021</Translation>
</Transform>
</Instance>
<Instance name="socket button head cap screw_am-4" visible="false" uid="socket button head cap screw_am-4" entityUid="socket button head cap screw_am*:*B18.3.4M - 3 x 0.5 x 5 SBHCS --S">
<Transform>
<Rotation>0 0 1 0 1 0 -1 0 0</Rotation>
<Translation>-0.049597605536332197 0.030966428858546193 0.079950000000000035</Translation>
</Transform>
</Instance>
<Instance name="socket button head cap screw_am-10" visible="false" uid="socket button head cap screw_am-10" entityUid="socket button head cap screw_am*:*B18.3.4M - 3 x 0.5 x 5 SBHCS --S">
<Transform>
<Rotation>-1.3877787807814686e-16 0.70710678118654735 -0.70710678118654768 0 -0.70710678118654768 -0.70710678118654735 -1 0 0</Rotation>
<Translation>-0.04959760553633219 -3.3571141453806602e-05 0.079950000000000035</Translation>
</Transform>
</Instance>
<Instance name="socket button head cap screw_am-12" uid="socket button head cap screw_am-12" entityUid="socket button head cap screw_am*:*B18.3.4M - 3 x 0.5 x 5 SBHCS --S">
<Transform>
<Rotation>1.2246467991473904e-16 -1.2246063538224399e-16 -1 -2.2204460492503121e-16 1 -1.2246063538224401e-16 1 2.2204460492503121e-16 1.2246467991473902e-16</Rotation>
<Translation>-0.049597605536332204 0.030966428858546179 0.038650000000000018</Translation>
</Transform>
</Instance>
<Instance name="socket button head cap screw_am-14" uid="socket button head cap screw_am-14" entityUid="socket button head cap screw_am*:*B18.3.4M - 3 x 0.5 x 5 SBHCS --S">
<Transform>
<Rotation>1.2246467991473904e-16 -1.2246063538224399e-16 -1 -2.2204460492503121e-16 1 -1.2246063538224401e-16 1 2.2204460492503121e-16 1.2246467991473902e-16</Rotation>
<Translation>-0.018597605536332197 -3.3571141453806602e-05 0.038650000000000018</Translation>
</Transform>
</Instance>
<Instance name="socket button head cap screw_am-13" uid="socket button head cap screw_am-13" entityUid="socket button head cap screw_am*:*B18.3.4M - 3 x 0.5 x 5 SBHCS --S">
<Transform>
<Rotation>1.2246467991473904e-16 -1.2246063538224399e-16 -1 -2.2204460492503121e-16 1 -1.2246063538224401e-16 1 2.2204460492503121e-16 1.2246467991473902e-16</Rotation>
<Translation>-0.04959760553633219 -3.3571141453834358e-05 0.038650000000000032</Translation>
</Transform>
</Instance>
<Instance name="Pièce2-1" uid="Pièce2-1" entityUid="Pièce2*:*Défaut">
<Transform>
<Rotation>-1 1.6653345369378063e-16 0 1.6653345369378058e-16 1 0 0 0 -1</Rotation>
<Translation>-0.03409760553633219 0.015466428858546193 0.078300000000000022</Translation>
</Transform>
</Instance>
<Instance name="socket button head cap screw_am-6" visible="false" uid="socket button head cap screw_am-6" entityUid="socket button head cap screw_am*:*B18.3.4M - 3 x 0.5 x 5 SBHCS --S">
<Transform>
<Rotation>0 0 1 0 1 0 -1 0 0</Rotation>
<Translation>-0.018597605536332187 -3.3571141453806602e-05 0.079950000000000007</Translation>
</Transform>
</Instance>
<Instance name="piece1-1" uid="piece1-1" grounded="true" entityUid="piece1*:*Défaut">
<Transform>
<Rotation>1 0 0 0 1 0 0 0 1</Rotation>
<Translation>-0.034097605536332197 0.015466428858546179 0.037300000000000014</Translation>
</Transform>
</Instance>
<Instance name="Pièce3-1" uid="Pièce3-1" entityUid="Pièce3*:*Défaut">
<Transform>
<Rotation>1 0 0 0 1 0 0 0 1</Rotation>
<Translation>-0.034097605536332162 0.0154664288585462 0.045300000000000035</Translation>
</Transform>
</Instance>
<Instance name="instrument ball bearing_68_am-1" uid="instrument ball bearing_68_am-1" entityUid="instrument ball bearing_68_am*:*AFBMA 12.1.4.1 - 0050-11 - Full,DE,AC,Full_68">
<Transform>
<Rotation>0 0 -1 0 1 0 1 0 0</Rotation>
<Translation>-0.034097605536332197 0.015466428858546179 0.040800000000000017</Translation>
</Transform>
</Instance>
<Instance name="instrument ball bearing_68_am-2" uid="instrument ball bearing_68_am-2" entityUid="instrument ball bearing_68_am*:*AFBMA 12.1.4.1 - 0050-11 - Full,DE,AC,Full_68">
<Transform>
<Rotation>0 0 1 0 1 0 -1 0 0</Rotation>
<Translation>-0.034097605536332197 0.015466428858546179 0.074800000000000019</Translation>
</Transform>
</Instance>
<Instance name="socket button head cap screw_am-5" visible="false" uid="socket button head cap screw_am-5" entityUid="socket button head cap screw_am*:*B18.3.4M - 3 x 0.5 x 5 SBHCS --S">
<Transform>
<Rotation>0 0 1 0 1 0 -1 0 0</Rotation>
<Translation>-0.018597605536332187 0.030966428858546207 0.079950000000000007</Translation>
</Transform>
</Instance>
<Instance name="socket button head cap screw_am-11" uid="socket button head cap screw_am-11" entityUid="socket button head cap screw_am*:*B18.3.4M - 3 x 0.5 x 5 SBHCS --S">
<Transform>
<Rotation>1.2246467991473904e-16 -1.2246063538224399e-16 -1 -2.2204460492503121e-16 1 -1.2246063538224401e-16 1 2.2204460492503121e-16 1.2246467991473902e-16</Rotation>
<Translation>-0.018597605536332194 0.030966428858546193 0.038650000000000018</Translation>
</Transform>
</Instance>
</Instance>
<Instance name="nema 17 stepper-3" uid="nema 17 stepper-3" entityUid="nema 17 stepper" rigid="true">
<Transform>
<Rotation>-8.4696892549483208e-15 0.7071067811865549 -0.70710678118654036 -1 -1.1870625079848889e-14 1.0732433358457634e-16 -8.3179097268201825e-15 0.70710678118654036 0.7071067811865549</Rotation>
<Translation>-0.059334311389389841 -0.035939472988974069 0.035558348231016501</Translation>
</Transform>
<Instance name="Pièce4-1" uid="Pièce4-1" entityUid="Pièce4*:*Défaut">
<Transform>
<Rotation>0.65728870624753322 0.75363887681000374 0 -0.75363887681000385 0.65728870624753322 1.1102230246251565e-16 0 0 1</Rotation>
<Translation>-0.03409760553633219 0.01546642885854619 0.076300000000000034</Translation>
</Transform>
</Instance>
<Instance name="socket button head cap screw_am-4" visible="false" uid="socket button head cap screw_am-4" entityUid="socket button head cap screw_am*:*B18.3.4M - 3 x 0.5 x 5 SBHCS --S">
<Transform>
<Rotation>0 0 1 0 1.0000000000000002 0 -1.0000000000000002 0 0</Rotation>
<Translation>-0.049597605536332183 0.030966428858546204 0.079950000000000021</Translation>
</Transform>
</Instance>
<Instance name="socket button head cap screw_am-10" visible="false" uid="socket button head cap screw_am-10" entityUid="socket button head cap screw_am*:*B18.3.4M - 3 x 0.5 x 5 SBHCS --S">
<Transform>
<Rotation>-1.3877787807814693e-16 0.70710678118654735 -0.70710678118654757 0 -0.70710678118654768 -0.70710678118654746 -1 -1.1102230246251565e-16 0</Rotation>
<Translation>-0.049597605536332183 -3.3571141453810072e-05 0.079950000000000049</Translation>
</Transform>
</Instance>
<Instance name="socket button head cap screw_am-12" uid="socket button head cap screw_am-12" entityUid="socket button head cap screw_am*:*B18.3.4M - 3 x 0.5 x 5 SBHCS --S">
<Transform>
<Rotation>1.224646799147383e-16 -1.2246063538224009e-16 -1 -1.1102230246251565e-16 1.0000000000000002 -1.2246063538223536e-16 1.0000000000000002 1.1102230246251565e-16 1.2246467991473199e-16</Rotation>
<Translation>-0.049597605536332197 0.030966428858546197 0.038650000000000018</Translation>
</Transform>
</Instance>
<Instance name="socket button head cap screw_am-14" uid="socket button head cap screw_am-14" entityUid="socket button head cap screw_am*:*B18.3.4M - 3 x 0.5 x 5 SBHCS --S">
<Transform>
<Rotation>1.224646799147383e-16 -1.2246063538224009e-16 -1 -1.1102230246251565e-16 1.0000000000000002 -1.2246063538223536e-16 1.0000000000000002 1.1102230246251565e-16 1.2246467991473199e-16</Rotation>
<Translation>-0.01859760553633219 -3.3571141453817011e-05 0.038650000000000018</Translation>
</Transform>
</Instance>
<Instance name="socket button head cap screw_am-13" uid="socket button head cap screw_am-13" entityUid="socket button head cap screw_am*:*B18.3.4M - 3 x 0.5 x 5 SBHCS --S">
<Transform>
<Rotation>1.224646799147383e-16 -1.2246063538224009e-16 -1 -1.1102230246251565e-16 1.0000000000000002 -1.2246063538223536e-16 1.0000000000000002 1.1102230246251565e-16 1.2246467991473199e-16</Rotation>
<Translation>-0.04959760553633219 -3.3571141453817011e-05 0.038650000000000032</Translation>
</Transform>
</Instance>
<Instance name="Pièce2-1" uid="Pièce2-1" entityUid="Pièce2*:*Défaut">
<Transform>
<Rotation>-1 0 0 1.6653345369377585e-16 1.0000000000000002 0 0 0 -1.0000000000000002</Rotation>
<Translation>-0.034097605536332183 0.015466428858546218 0.078300000000000008</Translation>
</Transform>
</Instance>
<Instance name="socket button head cap screw_am-6" visible="false" uid="socket button head cap screw_am-6" entityUid="socket button head cap screw_am*:*B18.3.4M - 3 x 0.5 x 5 SBHCS --S">
<Transform>
<Rotation>0 0 1 0 1.0000000000000002 0 -1.0000000000000002 0 0</Rotation>
<Translation>-0.018597605536332183 -3.3571141453796194e-05 0.079950000000000049</Translation>
</Transform>
</Instance>
<Instance name="piece1-1" uid="piece1-1" grounded="true" entityUid="piece1*:*Défaut">
<Transform>
<Rotation>1 0 0 0 1 0 0 0 1</Rotation>
<Translation>-0.034097605536332197 0.01546642885854619 0.037300000000000028</Translation>
</Transform>
</Instance>
<Instance name="Pièce3-1" uid="Pièce3-1" entityUid="Pièce3*:*Défaut">
<Transform>
<Rotation>1 0 0 0 1 0 0 0 1</Rotation>
<Translation>-0.034097605536332162 0.015466428858546183 0.045300000000000035</Translation>
</Transform>
</Instance>
<Instance name="instrument ball bearing_68_am-1" uid="instrument ball bearing_68_am-1" entityUid="instrument ball bearing_68_am*:*AFBMA 12.1.4.1 - 0050-11 - Full,DE,AC,Full_68">
<Transform>
<Rotation>0 0 -1 0 1.0000000000000002 0 1.0000000000000002 0 0</Rotation>
<Translation>-0.034097605536332197 0.01546642885854619 0.040800000000000031</Translation>
</Transform>
</Instance>
<Instance name="instrument ball bearing_68_am-2" uid="instrument ball bearing_68_am-2" entityUid="instrument ball bearing_68_am*:*AFBMA 12.1.4.1 - 0050-11 - Full,DE,AC,Full_68">
<Transform>
<Rotation>0 0 1 0 1.0000000000000002 0 -1.0000000000000002 0 0</Rotation>
<Translation>-0.03409760553633219 0.01546642885854619 0.074800000000000005</Translation>
</Transform>
</Instance>
<Instance name="socket button head cap screw_am-5" visible="false" uid="socket button head cap screw_am-5" entityUid="socket button head cap screw_am*:*B18.3.4M - 3 x 0.5 x 5 SBHCS --S">
<Transform>
<Rotation>0 0 1 0 1.0000000000000002 0 -1.0000000000000002 0 0</Rotation>
<Translation>-0.018597605536332183 0.030966428858546204 0.079950000000000049</Translation>
</Transform>
</Instance>
<Instance name="socket button head cap screw_am-11" uid="socket button head cap screw_am-11" entityUid="socket button head cap screw_am*:*B18.3.4M - 3 x 0.5 x 5 SBHCS --S">
<Transform>
<Rotation>1.224646799147383e-16 -1.2246063538224009e-16 -1 -1.1102230246251565e-16 1.0000000000000002 -1.2246063538223536e-16 1.0000000000000002 1.1102230246251565e-16 1.2246467991473199e-16</Rotation>
<Translation>-0.01859760553633219 0.03096642885854619 0.038650000000000045</Translation>
</Transform>
</Instance>
</Instance>
<Instance name="nema 17 stepper-1" uid="nema 17 stepper-1" entityUid="nema 17 stepper" rigid="true">
<Transform>
<Rotation>7.3362707308794263e-15 -0.70710678118654291 -0.70710678118655235 -1 -1.0472582885246244e-14 0 -7.4741980185121707e-15 0.70710678118655235 -0.70710678118654291</Rotation>
<Translation>-0.035571964721963015 -0.035939472988974097 -0.066966089148050648</Translation>
</Transform>
<Instance name="Pièce4-1" uid="Pièce4-1" entityUid="Pièce4*:*Défaut">
<Transform>
<Rotation>0.65728870624753322 0.75363887681000374 0 -0.75363887681000374 0.65728870624753322 0 0 0 1</Rotation>
<Translation>-0.034097605536332197 0.015466428858546186 0.076300000000000034</Translation>
</Transform>
</Instance>
<Instance name="socket button head cap screw_am-4" visible="false" uid="socket button head cap screw_am-4" entityUid="socket button head cap screw_am*:*B18.3.4M - 3 x 0.5 x 5 SBHCS --S">
<Transform>
<Rotation>0 0 1 0 1.0000000000000002 0 -1.0000000000000002 0 0</Rotation>
<Translation>-0.049597605536332183 0.0309664288585462 0.079950000000000021</Translation>
</Transform>
</Instance>
<Instance name="socket button head cap screw_am-10" visible="false" uid="socket button head cap screw_am-10" entityUid="socket button head cap screw_am*:*B18.3.4M - 3 x 0.5 x 5 SBHCS --S">
<Transform>
<Rotation>-1.3877787807814378e-16 0.70710678118654746 -0.70710678118654757 0 -0.70710678118654768 -0.70710678118654746 -1.0000000000000002 0 0</Rotation>
<Translation>-0.049597605536332183 -3.3571141453799663e-05 0.079950000000000021</Translation>
</Transform>
</Instance>
<Instance name="socket button head cap screw_am-12" uid="socket button head cap screw_am-12" entityUid="socket button head cap screw_am*:*B18.3.4M - 3 x 0.5 x 5 SBHCS --S">
<Transform>
<Rotation>1.224646799147351e-16 -1.2246063538224004e-16 -1 -1.110223024625156e-16 1 -1.2246063538224007e-16 1 1.1102230246251563e-16 1.2246467991473507e-16</Rotation>
<Translation>-0.049597605536332197 0.030966428858546179 0.038650000000000018</Translation>
</Transform>
</Instance>
<Instance name="socket button head cap screw_am-14" uid="socket button head cap screw_am-14" entityUid="socket button head cap screw_am*:*B18.3.4M - 3 x 0.5 x 5 SBHCS --S">
<Transform>
<Rotation>1.224646799147351e-16 -1.2246063538224004e-16 -1 -1.110223024625156e-16 1 -1.2246063538224007e-16 1 1.1102230246251563e-16 1.2246467991473507e-16</Rotation>
<Translation>-0.018597605536332194 -3.3571141453827419e-05 0.038650000000000032</Translation>
</Transform>
</Instance>
<Instance name="socket button head cap screw_am-13" uid="socket button head cap screw_am-13" entityUid="socket button head cap screw_am*:*B18.3.4M - 3 x 0.5 x 5 SBHCS --S">
<Transform>
<Rotation>1.224646799147351e-16 -1.2246063538224004e-16 -1 -1.110223024625156e-16 1 -1.2246063538224007e-16 1 1.1102230246251563e-16 1.2246467991473507e-16</Rotation>
<Translation>-0.04959760553633219 -3.357114145382048e-05 0.038650000000000032</Translation>
</Transform>
</Instance>
<Instance name="Pièce2-1" uid="Pièce2-1" entityUid="Pièce2*:*Défaut">
<Transform>
<Rotation>-1 0 0 1.6653345369377506e-16 1.0000000000000002 0 0 0 -1.0000000000000002</Rotation>
<Translation>-0.03409760553633219 0.0154664288585462 0.078300000000000036</Translation>
</Transform>
</Instance>
<Instance name="socket button head cap screw_am-6" visible="false" uid="socket button head cap screw_am-6" entityUid="socket button head cap screw_am*:*B18.3.4M - 3 x 0.5 x 5 SBHCS --S">
<Transform>
<Rotation>0 0 1 0 1.0000000000000002 0 -1.0000000000000002 0 0</Rotation>
<Translation>-0.018597605536332187 -3.3571141453813541e-05 0.079950000000000021</Translation>
</Transform>
</Instance>
<Instance name="piece1-1" uid="piece1-1" grounded="true" entityUid="piece1*:*Défaut">
<Transform>
<Rotation>1 0 0 0 1 0 0 0 1</Rotation>
<Translation>-0.034097605536332197 0.015466428858546186 0.037300000000000014</Translation>
</Transform>
</Instance>
<Instance name="Pièce3-1" uid="Pièce3-1" entityUid="Pièce3*:*Défaut">
<Transform>
<Rotation>1 0 0 0 1 0 0 0 1</Rotation>
<Translation>-0.034097605536332162 0.015466428858546193 0.045300000000000035</Translation>
</Transform>
</Instance>
<Instance name="instrument ball bearing_68_am-1" uid="instrument ball bearing_68_am-1" entityUid="instrument ball bearing_68_am*:*AFBMA 12.1.4.1 - 0050-11 - Full,DE,AC,Full_68">
<Transform>
<Rotation>0 0 -1 0 1.0000000000000002 0 1.0000000000000002 0 0</Rotation>
<Translation>-0.034097605536332197 0.015466428858546193 0.040800000000000017</Translation>
</Transform>
</Instance>
<Instance name="instrument ball bearing_68_am-2" uid="instrument ball bearing_68_am-2" entityUid="instrument ball bearing_68_am*:*AFBMA 12.1.4.1 - 0050-11 - Full,DE,AC,Full_68">
<Transform>
<Rotation>0 0 1 0 1.0000000000000002 0 -1.0000000000000002 0 0</Rotation>
<Translation>-0.034097605536332197 0.015466428858546172 0.074800000000000033</Translation>
</Transform>
</Instance>
<Instance name="socket button head cap screw_am-5" visible="false" uid="socket button head cap screw_am-5" entityUid="socket button head cap screw_am*:*B18.3.4M - 3 x 0.5 x 5 SBHCS --S">
<Transform>
<Rotation>0 0 1 0 1.0000000000000002 0 -1.0000000000000002 0 0</Rotation>
<Translation>-0.018597605536332187 0.030966428858546186 0.079950000000000021</Translation>
</Transform>
</Instance>
<Instance name="socket button head cap screw_am-11" uid="socket button head cap screw_am-11" entityUid="socket button head cap screw_am*:*B18.3.4M - 3 x 0.5 x 5 SBHCS --S">
<Transform>
<Rotation>1.224646799147351e-16 -1.2246063538224004e-16 -1 -1.110223024625156e-16 1 -1.2246063538224007e-16 1 1.1102230246251563e-16 1.2246467991473507e-16</Rotation>
<Translation>-0.018597605536332194 0.030966428858546186 0.038650000000000018</Translation>
</Transform>
</Instance>
</Instance>
<Instance name="motor_base_holder-1" uid="motor_base_holder-1" entityUid="motor_base_holder*:*Default">
<Transform>
<Rotation>0 0.70710678118655235 -0.70710678118654291 -1 0 0 0 0.70710678118654291 0.70710678118655235</Rotation>
